Log10(er2)            Log10(er3)
-1.34351232916     -2.73233783741
-2.32831084445     -4.73239318087
-3.32677684915     -6.73239398204
-4.32662332185     -8.73241954018
-5.32660833826     -10.6344258217
-6.32653399599     -9.71379311941
-7.32646559368     -9.27872059351
-7.76498439493     -7.76498439493
-7.08228253581     -7.08228253581
-7.08228253581     -7.08228253581
-7.08228253581     -7.08228253581
-3.69913749015     -4.47639098041
-3.09730222912     -3.09730222912
-3.09730222912     -3.09730222912
-0.478511966854    -0.780587926973
0.0                0.0
