      0.002017086882
      0.003025623453
      0.004034155384
      0.005042682627
      0.006051205134
      0.007059722860
      0.008068235754
      0.009076743769
       0.01008524686
       0.01109374497
       0.01210223805
       0.01311072605
       0.01411920892
       0.01512768661
       0.01613615907
       0.01714462624
       0.01815308807
       0.01916154451
       0.02016999551
       0.02117844100
       0.02218688093
       0.02319531525
       0.02420374390
       0.02521216682
       0.02622058396
       0.02722899526
       0.02823740065
       0.02924580009
       0.03025419350
       0.03126258083
       0.03227096202
       0.03327933701
       0.03428770572
       0.03529606811
       0.03630442411
       0.03731277365
       0.03832111666
       0.03932945309
       0.04033778286
       0.04134610591
       0.04235442217
       0.04336273158
       0.04437103405
       0.04537932954
       0.04638761795
       0.04739589923
       0.04840417330
       0.04941244008
       0.05042069951
       0.05142895151
       0.05243719601
       0.05344543293
       0.05445366219
       0.05546188372
       0.05647009744
       0.05747830327
       0.05848650113
       0.05949469095
       0.06050287263
       0.06151104610
       0.06251921128
       0.06352736808
       0.06453551642
       0.06554365621
       0.06655178737
       0.06755990981
       0.06856802345
       0.06957612818
       0.07058422393
       0.07159231061
       0.07260038812
       0.07360845637
       0.07461651526
       0.07562456471
       0.07663260462
       0.07764063489
       0.07864865543
       0.07965666613
       0.08066466690
       0.08167265764
       0.08268063825
       0.08368860863
       0.08469656866
       0.08570451826
       0.08671245731
       0.08772038570
       0.08872830334
       0.08973621011
       0.09074410590
       0.09175199061
       0.09275986412
       0.09376772631
       0.09477557708
       0.09578341631
       0.09679124388
       0.09779905968
       0.09880686359
       0.09981465548
        0.1008224352
        0.1018302027
        0.1028379579
        0.1038457005
        0.1048534305
        0.1058611477
        0.1068688521
        0.1078765434
        0.1088842216
        0.1098918866
        0.1108995381
        0.1119071761
        0.1129148003
        0.1139224108
        0.1149300073
        0.1159375897
        0.1169451579
        0.1179527117
        0.1189602510
        0.1199677755
        0.1209752853
        0.1219827801
        0.1229902598
        0.1239977242
        0.1250051731
        0.1260126065
        0.1270200242
        0.1280274259
        0.1290348116
        0.1300421811
        0.1310495342
        0.1320568707
        0.1330641906
        0.1340714935
        0.1350787794
        0.1360860481
        0.1370932994
        0.1381005331
        0.1391077490
        0.1401149471
        0.1411221270
        0.1421292886
        0.1431364318
        0.1441435563
        0.1451506619
        0.1461577486
        0.1471648159
        0.1481718639
        0.1491788923
        0.1501859008
        0.1511928893
        0.1521998576
        0.1532068055
        0.1542137328
        0.1552206392
        0.1562275246
        0.1572343888
        0.1582412314
        0.1592480524
        0.1602548515
        0.1612616285
        0.1622683831
        0.1632751152
        0.1642818245
        0.1652885107
        0.1662951737
        0.1673018132
        0.1683084290
        0.1693150208
        0.1703215884
        0.1713281315
        0.1723346500
        0.1733411435
        0.1743476118
        0.1753540547
        0.1763604719
        0.1773668631
        0.1783732280
        0.1793795665
        0.1803858783
        0.1813921630
        0.1823984204
        0.1834046503
        0.1844108523
        0.1854170261
        0.1864231716
        0.1874292884
        0.1884353761
        0.1894414346
        0.1904474636
        0.1914534626
        0.1924594315
        0.1934653700
        0.1944712776
        0.1954771542
        0.1964829993
        0.1974888127
        0.1984945941
        0.1995003432
        0.2005060595
        0.2015117429
        0.2025173929
        0.2035230092
        0.2045285915
        0.2055341394
        0.2065396526
        0.2075451308
        0.2085505736
        0.2095559806
        0.2105613514
        0.2115666858
        0.2125719834
        0.2135772436
        0.2145824663
        0.2155876511
        0.2165927974
        0.2175979050
        0.2186029735
        0.2196080024
        0.2206129914
        0.2216179401
        0.2226228481
        0.2236277149
        0.2246325401
        0.2256373234
        0.2266420642
        0.2276467623
        0.2286514170
        0.2296560281
        0.2306605951
        0.2316651174
        0.2326695948
        0.2336740266
        0.2346784126
        0.2356827521
        0.2366870448
        0.2376912901
        0.2386954876
        0.2396996369
        0.2407037373
        0.2417077885
        0.2427117899
        0.2437157411
        0.2447196415
        0.2457234906
        0.2467272879
        0.2477310328
        0.2487347250
        0.2497383637
        0.2507419486
        0.2517454789
        0.2527489543
        0.2537523741
        0.2547557378
        0.2557590449
        0.2567622946
        0.2577654866
        0.2587686201
        0.2597716947
        0.2607747096
        0.2617776644
        0.2627805583
        0.2637833909
        0.2647861614
        0.2657888693
        0.2667915139
        0.2677940945
        0.2687966107
        0.2697990616
        0.2708014466
        0.2718037652
        0.2728060165
        0.2738081999
        0.2748103148
        0.2758123605
        0.2768143362
        0.2778162413
        0.2788180750
        0.2798198366
        0.2808215255
        0.2818231408
        0.2828246818
        0.2838261478
        0.2848275381
        0.2858288518
        0.2868300882
        0.2878312465
        0.2888323260
        0.2898333258
        0.2908342451
        0.2918350832
        0.2928358391
        0.2938365122
        0.2948371015
        0.2958376062
        0.2968380255
        0.2978383584
        0.2988386042
        0.2998387620
        0.3008388308
        0.3018388097
        0.3028386980
        0.3038384946
        0.3048381986
        0.3058378091
        0.3068373252
        0.3078367459
        0.3088360703
        0.3098352973
        0.3108344261
        0.3118334555
        0.3128323847
        0.3138312126
        0.3148299381
        0.3158285603
        0.3168270782
        0.3178254906
        0.3188237965
        0.3198219948
        0.3208200845
        0.3218180645
        0.3228159336
        0.3238136908
        0.3248113348
        0.3258088647
        0.3268062791
        0.3278035771
        0.3288007573
        0.3297978187
        0.3307947599
        0.3317915799
        0.3327882774
        0.3337848511
        0.3347812998
        0.3357776223
        0.3367738172
        0.3377698834
        0.3387658195
        0.3397616241
        0.3407572960
        0.3417528339
        0.3427482363
        0.3437435020
        0.3447386295
        0.3457336175
        0.3467284646
        0.3477231693
        0.3487177301
        0.3497121458
        0.3507064147
        0.3517005355
        0.3526945066
        0.3536883265
        0.3546819938
        0.3556755068
        0.3566688640
        0.3576620638
        0.3586551048
        0.3596479852
        0.3606407034
        0.3616332579
        0.3626256470
        0.3636178689
        0.3646099221
        0.3656018049
        0.3665935154
        0.3675850520
        0.3685764130
        0.3695675965
        0.3705586008
        0.3715494241
        0.3725400646
        0.3735305204
        0.3745207896
        0.3755108704
        0.3765007609
        0.3774904592
        0.3784799633
        0.3794692713
        0.3804583812
        0.3814472911
        0.3824359988
        0.3834245024
        0.3844127999
        0.3854008891
        0.3863887679
        0.3873764343
        0.3883638861
        0.3893511211
        0.3903381372
        0.3913249321
        0.3923115037
        0.3932978497
        0.3942839677
        0.3952698556
        0.3962555110
        0.3972409316
        0.3982261150
        0.3992110588
        0.4001957606
        0.4011802179
        0.4021644284
        0.4031483896
        0.4041320988
        0.4051155536
        0.4060987515
        0.4070816898
        0.4080643660
        0.4090467773
        0.4100289212
        0.4110107949
        0.4119923957
        0.4129737209
        0.4139547678
        0.4149355334
        0.4159160150
        0.4168962097
        0.4178761147
        0.4188557269
        0.4198350436
        0.4208140616
        0.4217927780
        0.4227711898
        0.4237492939
        0.4247270872
        0.4257045665
        0.4266817288
        0.4276585708
        0.4286350893
        0.4296112811
        0.4305871428
        0.4315626711
        0.4325378628
        0.4335127143
        0.4344872223
        0.4354613834
        0.4364351939
        0.4374086505
        0.4383817495
        0.4393544874
        0.4403268605
        0.4412988651
        0.4422704976
        0.4432417541
        0.4442126310
        0.4451831243
        0.4461532303
        0.4471229451
        0.4480922646
        0.4490611849
        0.4500297021
        0.4509978120
        0.4519655106
        0.4529327937
        0.4538996571
        0.4548660967
        0.4558321080
        0.4567976870
        0.4577628291
        0.4587275300
        0.4596917853
        0.4606555905
        0.4616189410
        0.4625818323
        0.4635442597
        0.4645062187
        0.4654677044
        0.4664287121
        0.4673892370
        0.4683492743
        0.4693088190
        0.4702678662
        0.4712264109
        0.4721844480
        0.4731419725
        0.4740989791
        0.4750554626
        0.4760114178
        0.4769668395
        0.4779217221
        0.4788760603
        0.4798298486
        0.4807830815
        0.4817357534
        0.4826878586
        0.4836393915
        0.4845903462
        0.4855407171
        0.4864904981
        0.4874396834
        0.4883882669
        0.4893362427
        0.4902836046
        0.4912303464
        0.4921764618
        0.4931219447
        0.4940667886
        0.4950109871
        0.4959545336
        0.4968974218
        0.4978396448
        0.4987811961
        0.4997220688
        0.5006622562
        0.5016017513
        0.5025405472
        0.5034786368
        0.5044160131
        0.5053526689
        0.5062885969
        0.5072237898
        0.5081582401
        0.5090919405
        0.5100248834
        0.5109570612
        0.5118884661
        0.5128190904
        0.5137489263
        0.5146779658
        0.5156062008
        0.5165336234
        0.5174602253
        0.5183859983
        0.5193109340
        0.5202350240
        0.5211582598
        0.5220806328
        0.5230021344
        0.5239227557
        0.5248424880
        0.5257613221
        0.5266792493
        0.5275962602
        0.5285123457
        0.5294274965
        0.5303417031
        0.5312549562
        0.5321672460
        0.5330785629
        0.5339888971
        0.5348982387
        0.5358065777
        0.5367139041
        0.5376202077
        0.5385254781
        0.5394297050
        0.5403328778
        0.5412349861
        0.5421360190
        0.5430359657
        0.5439348153
        0.5448325569
        0.5457291791
        0.5466246708
        0.5475190207
        0.5484122171
        0.5493042485
        0.5501951033
        0.5510847694
        0.5519732351
        0.5528604881
        0.5537465164
        0.5546313076
        0.5555148492
        0.5563971287
        0.5572781334
        0.5581578504
        0.5590362668
        0.5599133696
        0.5607891454
        0.5616635810
        0.5625366629
        0.5634083774
        0.5642787107
        0.5651476491
        0.5660151785
        0.5668812846
        0.5677459532
        0.5686091698
        0.5694709198
        0.5703311885
        0.5711899609
        0.5720472220
        0.5729029565
        0.5737571493
        0.5746097846
        0.5754608468
        0.5763103202
        0.5771581888
        0.5780044363
        0.5788490465
        0.5796920029
        0.5805332889
        0.5813728877
        0.5822107823
        0.5830469555
        0.5838813901
        0.5847140685
        0.5855449730
        0.5863740859
        0.5872013892
        0.5880268645
        0.5888504935
        0.5896722577
        0.5904921382
        0.5913101162
        0.5921261725
        0.5929402877
        0.5937524423
        0.5945626167
        0.5953707908
        0.5961769446
        0.5969810577
        0.5977831096
        0.5985830796
        0.5993809467
        0.6001766897
        0.6009702874
        0.6017617181
        0.6025509600
        0.6033379911
        0.6041227891
        0.6049053316
        0.6056855959
        0.6064635591
        0.6072391981
        0.6080124893
        0.6087834093
        0.6095519342
        0.6103180398
        0.6110817019
        0.6118428958
        0.6126015968
        0.6133577796
        0.6141114192
        0.6148624897
        0.6156109654
        0.6163568202
        0.6171000277
        0.6178405612
        0.6185783940
        0.6193134987
        0.6200458480
        0.6207754141
        0.6215021691
        0.6222260846
        0.6229471322
        0.6236652828
        0.6243805075
        0.6250927767
        0.6258020608
        0.6265083296
        0.6272115529
        0.6279117000
        0.6286087400
        0.6293026417
        0.6299933733
        0.6306809031
        0.6313651989
        0.6320462281
        0.6327239578
        0.6333983548
        0.6340693857
        0.6347370165
        0.6354012131
        0.6360619409
        0.6367191650
        0.6373728502
        0.6380229608
        0.6386694609
        0.6393123142
        0.6399514840
        0.6405869331
        0.6412186243
        0.6418465197
        0.6424705811
        0.6430907699
        0.6437070472
        0.6443193736
        0.6449277094
        0.6455320144
        0.6461322480
        0.6467283695
        0.6473203372
        0.6479081095
        0.6484916442
        0.6490708986
        0.6496458296
        0.6502163938
        0.6507825473
        0.6513442456
        0.6519014439
        0.6524540971
        0.6530021592
        0.6535455843
        0.6540843255
        0.6546183358
        0.6551475676
        0.6556719729
        0.6561915030
        0.6567061089
        0.6572157411
        0.6577203495
        0.6582198836
        0.6587142924
        0.6592035243
        0.6596875272
        0.6601662485
        0.6606396351
        0.6611076332
        0.6615701888
        0.6620272470
        0.6624787525
        0.6629246495
        0.6633648816
        0.6637993917
        0.6642281223
        0.6646510153
        0.6650680118
        0.6654790527
        0.6658840780
        0.6662830271
        0.6666758390
        0.6670624519
        0.6674428034
        0.6678168305
        0.6681844697
        0.6685456566
        0.6689003263
        0.6692484134
        0.6695898515
        0.6699245737
        0.6702525126
        0.6705735998
        0.6708877664
        0.6711949429
        0.6714950588
        0.6717880431
        0.6720738242
        0.6723523295
        0.6726234859
        0.6728872194
        0.6731434553
        0.6733921182
        0.6736331319
        0.6738664195
        0.6740919032
        0.6743095045
        0.6745191442
        0.6747207422
        0.6749142174
        0.6750994883
        0.6752764722
        0.6754450859
        0.6756052450
        0.6757568646
        0.6758998588
        0.6760341407
        0.6761596227
        0.6762762163
        0.6763838321
        0.6764823797
        0.6765717679
        0.6766519046
        0.6767226967
        0.6767840502
        0.6768358701
        0.6768780605
        0.6769105246
        0.6769331645
        0.6769458814
        0.6769485754
        0.6769411457
        0.6769234904
        0.6768955067
        0.6768570908
        0.6768081375
        0.6767485409
        0.6766781940
        0.6765969886
        0.6765048155
        0.6764015642
        0.6762871234
        0.6761613806
        0.6760242219
        0.6758755325
        0.6757151965
        0.6755430967
        0.6753591147
        0.6751631310
        0.6749550248
        0.6747346743
        0.6745019561
        0.6742567460
        0.6739989181
        0.6737283457
        0.6734449004
        0.6731484528
        0.6728388720
        0.6725160259
        0.6721797812
        0.6718300029
        0.6714665550
        0.6710892999
        0.6706980986
        0.6702928110
        0.6698732953
        0.6694394084
        0.6689910056
        0.6685279409
        0.6680500669
        0.6675572346
        0.6670492934
        0.6665260915
        0.6659874751
        0.6654332893
        0.6648633775
        0.6642775814
        0.6636757412
        0.6630576955
        0.6624232813
        0.6617723340
        0.6611046871
        0.6604201727
        0.6597186212
        0.6589998610
        0.6582637191
        0.6575100206
        0.6567385889
        0.6559492455
        0.6551418104
        0.6543161014
        0.6534719348
        0.6526091248
        0.6517274839
        0.6508268227
        0.6499069498
        0.6489676719
        0.6480087937
        0.6470301183
        0.6460314462
        0.6450125765
        0.6439733058
        0.6429134290
        0.6418327387
        0.6407310256
        0.6396080782
        0.6384636828
        0.6372976236
        0.6361096828
        0.6348996401
        0.6336672733
        0.6324123578
        0.6311346666
        0.6298339708
        0.6285100387
        0.6271626368
        0.6257915288
        0.6243964762
        0.6229772383
        0.6215335716
        0.6200652305
        0.6185719666
        0.6170535293
        0.6155096652
        0.6139401187
        0.6123446313
        0.6107229421
        0.6090747874
        0.6073999010
        0.6056980140
        0.6039688548
        0.6022121489
        0.6004276193
        0.5986149860
        0.5967739663
        0.5949042747
        0.5930056226
        0.5910777188
        0.5891202689
        0.5871329757
        0.5851155390
        0.5830676556
        0.5809890190
        0.5788793200
        0.5767382461
        0.5745654815
        0.5723607076
        0.5701236022
        0.5678538401
        0.5655510927
        0.5632150283
        0.5608453117
        0.5584416042
        0.5560035639
        0.5535308455
        0.5510231001
        0.5484799752
        0.5459011151
        0.5432861600
        0.5406347470
        0.5379465092
        0.5352210763
        0.5324580739
        0.5296571241
        0.5268178452
        0.5239398516
        0.5210227537
        0.5180661583
        0.5150696678
        0.5120328811
        0.5089553926
        0.5058367930
        0.5026766685
        0.4994746016
        0.4962301701
        0.4929429480
        0.4896125047
        0.4862384054
        0.4828202109
        0.4793574777
        0.4758497576
        0.4722965981
        0.4686975420
        0.4650521276
        0.4613598885
        0.4576203536
        0.4538330473
        0.4499974887
        0.4461131926
        0.4421796685
        0.4381964214
        0.4341629508
        0.4300787516
        0.4259433135
        0.4217561209
        0.4175166532
        0.4132243844
        0.4088787834
        0.4044793137
        0.4000254333
        0.3955165948
        0.3909522454
        0.3863318265
        0.3816547742
        0.3769205185
        0.3721284842
        0.3672780899
        0.3623687484
        0.3573998669
        0.3523708462
        0.3472810813
        0.3421299612
        0.3369168686
        0.3316411801
        0.3263022658
        0.3208994898
        0.3154322096
        0.3098997762
        0.3043015342
        0.2986368215
        0.2929049694
        0.2871053026
        0.2812371386
        0.2752997885
        0.2692925562
        0.2632147387
        0.2570656259
        0.2508445005
        0.2445506380
        0.2381833067
        0.2317417675
        0.2252252739
        0.2186330717
        0.2119643993
        0.2052184874
        0.1983945590
        0.1914918291
        0.1845095051
        0.1774467861
        0.1703028635
        0.1630769202
        0.1557681311
        0.1483756628
        0.1408986733
        0.1333363125
        0.1256877214
        0.1179520326
        0.1101283698
        0.1022158480
       0.09421357325
       0.08612064256
       0.07793614395
       0.06965915621
       0.06128874887
       0.05282398211
       0.04426390665
       0.03560756365
       0.02685398464
       0.01800219139
      0.009051195845
