2P-formula            3P-formula               Exact
                                                1/3
0.318219785804     0.333950696774
0.331768140319     0.333339506181
0.333176260204     0.333333395062
0.333317620467     0.333333333951
0.333331761992     0.333333333341
0.333333176172     0.333333333269
0.333333317615     0.333333333158
0.333333327607     0.333333327607
0.333333360913     0.333333360913
0.333333360913     0.333333360913
0.333333360913     0.333333360913
0.333399974295     0.333344463144
0.333066907388     0.333066907388
0.333066907388     0.333066907388
0.44408920985      0.388578058619
0.0                0.0
